-0.0003291285709724352
-2.881363218952049e-5
4.47656255786566e-5
-0.00011877782938791581
-0.00033058338962947567
-0.00045369813870325195
0.0004835564111020643
0.00014917693585397295
-0.00023494276777656121
-0.0003926128674546683
-0.0002980194435093824
-0.00022898911631558084
-0.00015229526285700823
-5.11694856686975e-5
2.6687086764689116e-5
-0.0002967891462130299
0.00019507299210770523
0.0004081363981526942
-0.00040729668120921845
-0.00042103023811680673
-0.00037551916436974264
0.0002938516006215015
0.00021604239751671895
-0.00014212475567437012
0.0001713476659765183
0.0003876473052624265
